$ANSIBLE_VAULT;1.1;AES256
30333733653433653434343262623463633562646666396661363665626130396236303764393165
3064323732636333663162373636663437613461666261370a373333633630633965373731616530
63373438326630376662313836653234613264303361343736616530383866646463336435303736
3034643932633532340a303230613539313237393834383762353634363532393562353362323366
37343962656433356363313564363130383063393462353264623365633536366337386537346636
39393139666466363166636232326238363734313465666134323364313434363239366164343635
32616364323666396433353664383332353036613334366665643365643064653766366134613434
66396265653731613030303365646530616563346433323665663961373733613934343461396233
64636534386336353033613262386564336139313666663364656562616664666132376438313763
34643561636330396130353962663733396232396366343438316131386163613364366632303864
63646362356331646535323130636634653064386233376332366639343263643131393636316331
38383232303638616433313363326130393861383062346638316561396539646462373666383166
62663837353730333234316334343238383232383636653835366134656233393963663765386364
35336634306631333664373334613039666465363233636165396138643230643139666335336230
66653936346138616565636163633361653363373061646338663539613134386236356362623837
62376439646161316639633139646535333633383539636634626139326533623663613639373438
36323963333661343432666230343737373164343938393265333363376633316233316138383035
31343732633766333766643264616264653038386434656433623030643930303664316130633065
37613734363564383437623861363939653338663633333239356539613138323635666462326261
61663034303330343864643530313433623135663266643335313538393531313965306363333334
61356366386631333638623665343964613963613631376334333638333337363366623432346665
34396631323963653465343335333636643064666632336535623431383565643636663465303435
36333462306632393331346433653964633437356566343664643930373434646266643736643833
30313762303066316366396364396138343731636165376135346331616437616133356438363131
65353966306562346435396165346333633735636439343161306138316664646437633839613633
36653432363333323435643037636333663837333236356463393964626233383039323861646466
34626230346534313238333032636661323337313866656662653539303733626137316130323837
61613734356234656239
