$ANSIBLE_VAULT;1.1;AES256
32306265663465313836373264396337663564396161336266343334353539313566663932663539
3236613735623839336138616433363766633364626435640a643762353338326161373162636564
64366139656464313861306438636138616533313530356666363030656438666466386238653263
3437623238316666320a336235623161653261353965623966646238303361663866343130663036
35653731383564313631396332303963623239343661386463626664613561383539343962656266
34653564326662313862653730383533663463653935636261313538363638613663323336363834
31613130323636323937373533623565656237313138623332643831313766373762333230333166
34363531663064656338653036633861643566633363366464333938623165613163386331623164
66386332313537366338323131653665303661356236386232366132656138306466626336653232
63323533306630636634663735653731336462646439636137633332663661646333613466343633
37643232663766643361333930363137343363366530636666636239663736323466373539386565
63333962353931633534363861643834376564626639383733353263633735373638656231653530
33663936306335336361323036376666343261623932383062373930616230396132666663306465
62636330643361353430623565646634323430663164363938313333633864343238666366363837
64353131303661373133303633306239316531326266656364653035333339333734333431383732
61346431333063393237663862333763303438613464643631656430316437353237663333383363
37306437333530613336656336613965663566643233346561623939343230373763383061376230
64393336303332336633633664666534656234313131386634346163323630616263656236613263
33363335373838376233383764373764386165646637346364663137376633356364376238393661
31356538333133636332373564366633326161636236373365306434373638316561343134623235
39643633376161373236353234303239373335363363633236623231393562353938343737626666
34613239306265633530633662373530346337316135316136336433333433656662633366353662
37326463613030356635643561376365643130363762343832343761316565303338643239623666
65643264653239653461
